283622914937323521
463924159542722570
514007120807460875
561466572842074113
584742530483093524
586846268190359562
610501949204332546
617586071018012693
663767037838884865
677111300815454210
687737568271532101
690160104024309882
700533001074769962
705422888391540816
725918245168611341
736492670716739635
747123634262245407
758184925383491585
758673063994327050
763916639111610399
767376541872554015
767974891814780938
768591843105046550
769497225952100392
771014119385989141
772817782034661437
781195134552768532
785459420837969930
786857612896501791
787043148106694667
802486058461560883
